549
563
558

555
552
554
548
542

580
590
573
587
584

577
579

720
995
996

995
995

996
570
597
261
166

161
156
160
165
150

150
133
134
132
139

588
577

565
566
576
999
1000
999
999
999
999
999

999
999
998
998
998

999
999
999
1000
1000
1000
734

584
587
583

583
580

579
580
580
621
998

1000
1000
1000
1000
1000
1000
1000
1001

1000
1001
1001

1001
1001
1001
1001
1001
1001
1001
1001
1000
1001
1001
1001
1001
1001
1001
1001
1001
1004
1001
1001
566
583
584
583

580
578
578
579
583

580
587
581
578
576

575
574
575
572
575

571
571

572
572
571
571
572

570
574
575
576
574

573
571
570
571
572

571
571
571
571
569

570
571

107
107
108
108
106

107
110
111
110
107

107
107
107
106
106

106
106
104
104
104

105
101

102
102
102
102
104

105
105
106
105
106

109
108
109
107
107

110
109
110
107
108

109
109

107
108
107
107
107

112
110
109
109
108

109
110
110
109
111

107
110
108
109
108

107
107

107
109
107
106
106

107
104
107
105
105

107
107
107
107
107

108
108
108
106
107

107
107

106
106
104
106
105

105
106
107
108
108

577
578
578
578
576

576
108

115
111
112
111
110

112
109
109
112
108

111
110
109
109
111

109
107
106
105
106

65
67
67
68

71
75
377

562
562
567
568
566

568
567

567
566
566

566
566

566
566
566
566
564

562
561
565
563
563

563
565
564
564
564

564
565
566
566
566

566
566

565
566
566
566
566

567
567
567
566
567

566
566
568
568
569

571
571
571
573
573

575
575

576
575
574
574
574

254
102
104
104
107

103
102
101
100
101

97
102

102
102
101

102
102

102
101
101
103
103

103
102
105
104
104

106
103
103
106
105

105
102

105
104
103
102
103

102
103
101
96
95
95
96

94
92

92
94
98
98
97

98
572
577

578
575
573
571
571

571
557

96
96

97
96
97
98
98

98
47

46
65
89
46
45

45
77

80
73
79
76
77

75
78
73
72
73

80
74

73
80
72
78
73

81
74
74
47
82

73
79

80
75
73
74
76

82
74

81
75
75
82
75

79
77
78
79
76

75
81

78
75
83
74
78

74
80

77
82
82
82
83

83
77
74
80
74

81
79

75
73
75
75
83

74
75

74
76
83
75
75

74
80
76
78
74

79
74

72
78
72
75
72

79
73
77
73
78

73
72

76
73
76
77
44

79
68

80
75
73
79
76

76
79
73
75
78

74
72

75
74
78
74
81

59
78

75
78
74
72
72

73
79
74
75
74

72
75

76
76
80
45
62

78
76

83
76
83
81
82

80
81
74
79
76

78
74

73
77
73
75
80

76
74
80
73
82

74
74

80
77
75
75
81

75
79

75
81
75
73
81

74
76
79
76
79

74
72

81
74
76
78
76

73
78

75
81
73
76
75

75
81
79
78
76

75
81

79
74
75
79
69

74
77

81
74
74
81
50

74
81
74
75
73

81
80

77
74
83
563
566
565
565
565

565
565
565
564
562

563
971
1007
1008
1006
1008
1007
1007
1007
1007
1006
1007
1007
1008
1006
1007
1007
1006
1007
1008
1007
1007
1009
1006
1007
1007
1006
562
566
564

564
562
563
202
80
81
79
74
74

72
73

565

562
565
562
564
562

564
563

564
558
564
563
565

563
567
563
566
563

563
564
565
566
564

567
564
557
557
556

555
556

556
553
557
555
555

555
556
555
556
556

555
555
556
554
555

553
555

553
